eval_accuracy = 0.793
eval_loss = 0.5164634
global_step = 750
loss = 0.5164634
